# 1 100 (number of hyperplane, dimensionality of hyperplane)
# 0 (added bias feature? 0:no 1:yes)
0.007993
0.0156622
-0.016002
0.0304868
0.0330981
0.0216948
-0.0537253
-0.0416025
-0.00689111
0.0551515
0.0334579
-0.0216908
-0.0546252
0.00564651
-0.0485893
0.0613717
0.0578771
0.0497179
-0.0580695
-0.0379406
-0.0664046
0.00235057
0.0177438
0.00884745
-0.0530135
-0.0356337
0.0539035
-0.0162106
-0.000672839
-0.0377495
-0.0026067
-0.0210637
0.0254878
0.00177017
-0.0145221
0.0128028
-0.0351073
-0.0714596
-0.0167934
0.0605191
0.0555691
0.0331583
-0.0619854
0.0250167
0.0390739
-0.0556103
0.00257645
-0.0163848
0.00365135
-0.0263873
-0.0575356
-0.0799438
-0.0534383
0.00129754
0.0290107
0.0136604
-0.00183498
0.0289756
-0.0386941
-0.00295693
-0.0316318
0.0745223
-0.00096373
-0.00329736
0.0156547
0.0231692
0.0394208
-0.00468172
-0.0370221
-0.011187
0.0124928
0.0446428
0.00241077
0.0138759
0.0526471
-0.0156595
-0.0110886
-0.0160974
-0.00938007
0.00660744
-0.00131897
-0.0132211
0.00365658
0.00416553
-0.0471552
-0.0177004
-0.0372109
-0.0192171
0.0156317
-0.0639738
-0.0153144
0.0107212
-0.00845358
-0.00911643
-0.00193474
-0.00520372
-0.0259283
-0.00855193
0.0160218
-0.0359807
