# 1 100 (number of hyperplane, dimensionality of hyperplane)
# 0 (added bias feature? 0:no 1:yes)
0.000756123
-0.0102832
-0.019161
0.0297179
0.0335212
0.0183725
-0.049297
-0.035209
-0.00341197
0.0547486
0.0296452
-0.0176743
-0.0498042
0.00565042
-0.0491588
0.0549747
0.0585198
0.048391
-0.0535903
-0.0395832
-0.0593698
0.00253648
0.0163268
0.00678147
-0.0486382
-0.0311912
0.0451723
-0.0173979
-0.00346273
-0.0376409
-0.00165565
-0.019032
0.0223697
-0.000834238
-0.0161748
0.0103592
-0.034446
-0.0647811
-0.018601
0.0589161
0.0518383
0.0278882
-0.0558659
0.0198987
0.0375834
-0.0489212
0.00157266
-0.0147756
0.000845882
-0.0291827
-0.0561585
-0.0758381
-0.0493406
0.00118967
0.0285696
0.0161045
-0.00239203
0.025436
-0.0407531
-0.00114867
-0.0309772
0.0714591
-0.000582216
-0.00466501
0.0145461
0.0207993
0.0342565
-0.00435685
-0.0392677
-0.011811
0.011176
0.0431267
0.00647725
0.0137285
0.0504749
-0.0138399
-0.0121569
-0.0166002
-0.00654543
0.00811083
-0.00054928
-0.0139105
0.00279479
0.00598801
-0.0477935
-0.01649
-0.0338869
-0.0187932
0.0172976
-0.0612392
-0.0141003
0.00728761
-0.00682546
-0.00389575
-0.00239439
-0.00354816
-0.0260884
-0.00443901
0.017247
-0.0327161
