# 1 100 (number of hyperplane, dimensionality of hyperplane)
# 0 (added bias feature? 0:no 1:yes)
0.00489003
0.00462009
-0.0163837
0.0207819
0.0280193
0.00811749
-0.0417204
-0.0229152
-0.00464722
0.0509368
0.042595
-0.0169899
-0.0441016
0.00707628
-0.046143
0.0671675
0.0700484
0.0524307
-0.0460461
-0.037148
-0.0693604
0.00439948
0.0217771
0.0111439
-0.039514
-0.0348724
0.0528056
-0.0263094
-0.00312032
-0.0584924
0.000182306
-0.00470179
0.0071462
-0.0126919
-0.0125318
0.0132707
-0.0265311
-0.0795803
-0.0190944
0.0629241
0.0519985
0.0235413
-0.0634025
0.00763411
0.0420838
-0.0461721
0.00796607
-0.0221415
-0.00995996
-0.0400115
-0.0572723
-0.0859596
-0.0547451
0.0147164
0.0297193
0.0214406
-0.0142098
0.0320528
-0.0549808
-0.00898694
-0.0433953
0.0684591
0.00811582
-0.016217
0.0221344
0.0109567
0.0337915
-0.00929005
-0.0482236
-0.00682005
0.0189211
0.0537953
0.0180935
0.0295252
0.0530691
-0.0345868
-0.0212314
-0.0078185
-0.00492947
0.00982364
-0.00214507
-0.0179675
0.00880221
-0.000923703
-0.0446009
-0.0305511
-0.0446812
-0.0212493
0.00572019
-0.064238
-0.0151723
0.0130842
-0.00504726
-0.00707691
0.00709646
-0.00177205
-0.0424219
-0.0222091
0.0315146
-0.0324785
