# 1 100 (number of hyperplane, dimensionality of hyperplane)
# 0 (added bias feature? 0:no 1:yes)
5.95625
0.394813
-0.657419
-0.909416
0.085482
0.193306
-0.811005
-0.528986
-911.892
-0.245893
0.133573
-0.4597
-0.69047
0.0839928
-0.494848
0.304007
-0.0813856
-0.726382
-0.687761
-0.240066
-0.404742
0.0483425
0.0139166
-0.112268
-1.05602
0.161326
0.605207
-0.447521
0.0260116
-0.568557
0.13153
-0.257754
0.246842
0.318301
0.0224869
0.278611
-0.489568
-0.450301
-0.214663
0.742667
-0.127509
1.79314
-0.580906
0.725794
0.713552
-2.25238
0.156253
-0.156377
0.28411
-0.104403
-0.351683
-0.502578
-1.02764
0.136819
0.36302
0.138261
0.113377
0.400774
1.21817
0.0500967
8.73356
0.425886
0.212306
0.374136
0.24913
0.2223
0.789493
-0.0993275
-0.0629026
0.379783
0.161187
0.231403
-0.193829
0.172211
0.51613
0.225824
0.394795
-0.288804
4.24148
0.178947
0.673516
0.280549
1.32879
0.200097
-0.399829
0.145167
-0.239114
0.280532
0.193037
-0.506857
0.167311
-0.0150568
-0.305083
-0.329581
-3.26562
-0.244252
-2.37791
-0.225502
0.121221
-0.230358
